KEY_CODE,T000751001,T000751002,T000751003,T000751004
,êlå˚ëçêî,íj,èó,ê¢ë—ëçêî
52390080,20,11,9,8
52390090,40,20,20,17
52390249,9,4,5,6
52390259,2,1,1,1
52390268,12,6,6,8
52390278,432,212,220,207
52390279,59,26,33,18
52390288,117,60,57,43
52390289,2,2,0,2
52390298,657,322,335,307
52390299,266,126,140,107
52390312,47,24,23,24
52390313,300,144,156,125
52390314,472,257,215,173
52390322,374,186,188,154
52390323,337,162,175,149
52390324,413,215,198,171
52390325,621,292,329,286
52390330,75,37,38,32
52390331,113,59,54,44
52390333,323,176,147,76
52390335,114,58,56,64
52390380,1,1,0,1
52391000,795,386,409,269
52391001,188,99,89,66
52391011,314,151,163,106
52391012,41,26,15,25
52391013,284,145,139,122
52391020,316,157,159,85
52391022,1768,857,911,653
52391023,5169,2421,2748,1788
52391030,87,42,45,25
52391031,126,65,61,41
52391032,454,209,245,107
52391033,481,237,244,181
52391044,175,85,90,56
52391051,10,6,4,6
52391054,149,74,75,56
52391062,87,40,47,24
52391063,403,193,210,125
52391064,1515,701,814,546
52391065,336,160,176,123
52391073,194,89,105,66
52391074,1125,572,553,439
52391075,1041,483,558,408
52391083,36,19,17,16
52391084,1095,519,576,427
52391085,634,307,327,280
52391090,16,8,8,6
52391093,38,20,18,16
52391094,108,53,55,42
52391095,235,116,119,107
52391096,158,80,78,74
52391208,1150,588,562,540
52391209,225,104,121,93
52391218,594,298,296,243
52391219,3,1,2,1
52391228,215,111,104,85
52391229,282,122,160,70
52391238,271,141,130,125
52391239,339,170,169,140
52391248,127,64,63,50
52391249,185,92,93,73
52391258,127,62,65,52
52391259,30,13,17,12
52391302,35,16,19,18
52391320,34,16,18,14
52391321,23,10,13,10
52391322,16,9,7,8
52391324,16,7,9,4
52391330,359,168,191,147
52391332,55,31,24,23
52391333,267,124,143,126
52391334,5,2,3,2
52391340,64,29,35,31
52391341,402,205,197,199
52391342,42,22,20,19
52391343,81,37,44,34
52392000,25,11,14,10
52392005,260,126,134,89
52392014,5,4,1,1
52392015,674,316,358,213
52392016,89,43,46,34
52392024,10,7,3,5
52392035,112,52,60,60
52392036,117,61,56,35
52392037,352,158,194,160
52392045,3,1,2,2
52392046,135,60,75,63
52392047,393,183,210,156
52392048,1194,577,617,432
52392049,358,102,256,77
52392053,24,7,17,14
52392057,195,91,104,65
52392058,1292,612,680,513
52392059,506,240,266,214
52392062,9,5,4,5
52392067,61,21,40,26
52392068,673,307,366,313
52392069,341,153,188,139
52392072,65,34,31,58
52392075,6,3,3,2
52392076,589,285,304,165
52392077,417,211,206,165
52392078,622,290,332,275
52392079,217,106,111,83
52392081,2,2,0,2
52392083,22,9,13,9
52392088,361,165,196,181
52392089,528,257,271,223
52392096,17,8,9,6
52392098,409,179,230,190
52392099,106,52,54,42
52392150,68,31,37,28
52392160,259,117,142,115
52392170,414,193,221,123
52392180,1204,548,656,377
52392181,78,40,38,21
52392190,654,296,358,220
52392687,330,148,182,122
52392689,475,207,268,169
52392695,136,61,75,48
52392696,52,23,29,18
52392697,231,103,128,88
52392698,262,124,138,92
52392699,540,246,294,192
52392780,631,296,335,222
52392781,1081,488,593,417
52392782,477,214,263,189
52392790,223,97,126,77
52392791,319,148,171,126
52392792,699,318,381,232
52392793,775,346,429,265
52392794,144,67,77,48
52393000,259,133,126,58
52393001,254,162,92,42
52393002,16,8,8,5
52393007,625,310,315,211
52393008,277,126,151,104
52393009,151,71,80,57
52393010,341,174,167,87
52393011,161,61,100,149
52393017,1887,903,984,596
52393018,122,49,73,30
52393019,714,338,376,235
52393025,32,16,16,10
52393026,1110,559,551,373
52393027,1981,957,1024,670
52393028,11,6,5,4
52393029,1547,775,772,589
52393030,64,24,40,37
52393031,118,58,60,30
52393032,446,229,217,112
52393036,534,229,305,211
52393037,1099,537,562,374
52393038,445,227,218,143
52393039,2311,1109,1202,814
52393040,138,70,68,41
52393041,17,8,9,5
52393042,213,98,115,49
52393045,74,30,44,39
52393046,1712,802,910,718
52393047,2579,1246,1333,1090
52393048,2824,1382,1442,1043
52393049,2657,1274,1383,964
52393050,262,113,149,62
52393051,16,7,9,4
52393056,594,283,311,255
52393057,4646,2112,2534,2089
52393058,2662,1260,1402,1032
52393059,920,431,489,311
52393063,2,1,1,1
52393066,380,176,204,184
52393067,7499,3263,4236,3349
52393068,3355,1543,1812,1225
52393069,258,116,142,85
52393071,1,1,0,1
52393072,23,12,11,12
52393074,63,36,27,15
52393076,500,254,246,208
52393077,1622,735,887,701
52393086,50,26,24,19
52393087,194,90,104,100
52393094,217,108,109,102
52393096,304,150,154,101
52393100,257,131,126,83
52393101,172,82,90,55
52393110,111,49,62,37
52393111,6,2,4,4
52393130,1674,800,874,585
52393131,124,62,62,57
52393140,1517,712,805,489
52393605,157,75,82,61
52393606,1117,508,609,391
52393607,70,34,36,24
52393608,122,57,65,37
52393616,547,252,295,181
52393617,589,291,298,140
52393618,150,65,85,44
52393619,327,158,169,96
52393626,92,39,53,32
52393627,302,146,156,101
52393628,99,47,52,23
52393629,201,97,104,57
52393635,40,16,24,15
52393636,457,214,243,136
52393637,141,69,72,51
52393638,196,96,100,57
52393639,65,31,34,26
52393641,278,126,152,89
52393642,65,28,37,21
52393643,197,90,107,52
52393645,210,100,110,61
52393646,181,95,86,41
52393647,318,148,170,104
52393650,268,122,146,88
52393652,57,30,27,18
52393653,58,25,33,21
52393658,29,14,15,10
52393659,230,109,121,63
52393660,337,158,179,94
52393661,62,24,38,20
52393662,318,150,168,119
52393663,395,188,207,147
52393664,299,142,157,106
52393665,91,47,44,33
52393668,187,83,104,67
52393669,390,180,210,134
52393670,74,34,40,25
52393671,152,75,77,59
52393672,60,26,34,19
52393674,204,89,115,71
52393675,265,122,143,95
52393676,1864,903,961,699
52393677,1837,886,951,706
52393678,2134,1032,1102,776
52393679,2268,1094,1174,816
52393686,484,242,242,180
52393687,1158,720,438,327
52393688,3979,1829,2150,1466
52393689,3823,1786,2037,1557
52393698,891,407,484,392
52393699,2891,1354,1537,1174
52393700,30,15,15,9
52393701,30,15,15,8
52393704,55,26,29,15
52393705,609,276,333,182
52393715,1050,483,567,311
52393716,19,7,12,5
52393722,164,82,82,51
52393725,143,69,74,46
52393726,585,273,312,183
52393730,50,23,27,22
52393736,893,422,471,258
52393737,215,102,113,64
52393744,30,13,17,8
52393745,137,60,77,42
52393746,1226,569,657,397
52393747,536,249,287,178
52393750,183,84,99,57
52393751,42,22,20,11
52393755,128,65,63,36
52393756,2327,1094,1233,764
52393757,68,28,40,21
52393760,334,160,174,101
52393761,180,84,96,49
52393762,56,32,24,19
52393763,88,46,42,28
52393764,48,24,24,14
52393766,959,466,493,321
52393770,165,75,90,54
52393771,325,157,168,99
52393772,63,32,31,19
52393774,293,148,145,81
52393775,238,114,124,84
52393776,1497,714,783,529
52393777,298,143,155,102
52393780,908,420,488,309
52393781,406,189,217,113
52393782,41,40,1,40
52393783,93,45,48,29
52393784,55,26,29,17
52393785,369,168,201,111
52393786,428,206,222,131
52393787,1071,504,567,299
52393790,891,448,443,353
52393791,478,233,245,154
52393792,352,164,188,123
52393793,444,222,222,143
52393795,63,34,29,18
52393796,164,88,76,45
52393797,343,168,175,103
52394000,271,225,46,54
52394004,51,23,28,24
52394005,1341,644,697,470
52394006,4977,2363,2614,1892
52394007,166,89,77,48
52394010,224,108,116,57
52394011,45,24,21,17
52394012,46,24,22,17
52394014,27,12,15,11
52394015,269,115,154,89
52394016,3158,1521,1637,1117
52394017,614,271,343,185
52394020,265,143,122,61
52394023,49,25,24,17
52394024,37,18,19,11
52394026,188,84,104,61
52394030,231,109,122,59
52394031,159,83,76,42
52394032,1,1,0,1
52394044,33,16,17,15
52394045,236,110,126,73
52394046,810,395,415,293
52394047,182,73,109,120
52394050,9,4,5,3
52394054,61,29,32,24
52394055,3221,1547,1674,1110
52394056,1705,784,921,648
52394057,2182,1023,1159,768
52394061,24,18,6,24
52394062,30,22,8,23
52394065,1178,575,603,390
52394073,2,1,1,1
52394075,2795,1349,1446,1024
52394076,76,28,48,52
52394080,7,4,3,4
52394084,203,93,110,95
52394085,289,143,146,96
52394086,33,20,13,33
52394091,196,89,107,99
52394093,7,1,6,4
52394094,41,20,21,18
52394095,113,57,56,76
52394143,286,161,125,175
52394608,951,450,501,412
52394609,1858,861,997,690
52394618,428,199,229,161
52394619,1442,680,762,451
52394627,140,71,69,51
52394628,2041,984,1057,726
52394629,1200,578,622,393
52394636,84,40,44,34
52394637,2791,1301,1490,946
52394638,1326,637,689,463
52394639,540,261,279,165
52394646,1624,780,844,496
52394647,210,103,107,73
52394648,252,123,129,73
52394649,56,24,32,16
52394656,1134,531,603,350
52394657,498,248,250,154
52394658,122,63,59,36
52394666,739,351,388,228
52394668,166,80,86,50
52394669,39,19,20,11
52394675,134,62,72,37
52394676,554,248,306,167
52394678,152,74,78,43
52394679,101,47,54,27
52394685,110,50,60,30
52394689,51,23,28,14
52394696,108,58,50,36
52394697,216,100,116,78
52394700,788,385,403,255
52394701,700,337,363,243
52394702,263,125,138,83
52394703,605,272,333,199
52394704,353,175,178,100
52394706,92,44,48,28
52394707,643,305,338,194
52394710,259,128,131,92
52394711,978,484,494,287
52394712,116,62,54,35
52394713,181,89,92,47
52394715,244,124,120,69
52394716,160,78,82,44
52394717,311,150,161,94
52394720,685,320,365,210
52394721,408,219,189,41
52394722,161,81,80,45
52394723,318,160,158,88
52394724,30,14,16,7
52394725,235,101,134,71
52394726,556,275,281,163
52394727,79,39,40,26
52394728,800,384,416,253
52394729,122,64,58,39
52394731,346,162,184,72
52394732,98,44,54,24
52394733,127,64,63,44
52394734,98,51,47,29
52394735,459,222,237,122
52394736,228,106,122,68
52394737,331,168,163,85
52394738,188,88,100,52
52394739,424,208,216,138
52394740,136,66,70,38
52394741,221,101,120,63
52394742,259,123,136,72
52394743,185,87,98,52
52394744,52,24,28,15
52394746,174,83,91,48
52394747,149,66,83,44
52394749,214,104,110,58
52394751,225,109,116,60
52394753,31,13,18,8
52394754,171,77,94,52
52394755,17,7,10,4
52394756,505,245,260,145
52394757,64,30,34,16
52394759,370,177,193,103
52394761,327,157,170,89
52394764,18,8,10,4
52394765,151,70,81,41
52394766,175,86,89,51
52394767,63,29,34,16
52394768,162,86,76,45
52394769,163,83,80,46
52394771,141,66,75,37
52394772,168,89,79,50
52394773,24,13,11,10
52394775,33,15,18,9
52394776,139,74,65,48
52394777,74,30,44,24
52394778,32,14,18,8
52394779,95,48,47,31
52394781,83,44,39,18
52394782,15,7,8,5
52394783,83,44,39,28
52394784,66,30,36,19
52394785,30,14,16,8
52394786,85,39,46,26
52394789,43,23,20,11
52394791,62,32,30,21
52394792,67,34,33,21
52394796,49,23,26,14
52394797,75,34,41,19
52394799,99,47,52,30
52395000,211,92,119,103
52395001,295,127,168,120
52395003,1387,646,741,525
52395004,1481,664,817,660
52395005,5202,2336,2866,2532
52395006,119,58,61,89
52395010,166,88,78,38
52395011,448,213,235,81
52395013,44,18,26,17
52395014,507,199,308,289
52395015,7431,3173,4258,3552
52395016,515,227,288,315
52395020,173,78,95,42
52395021,262,132,130,50
52395023,548,236,312,227
52395024,1256,507,749,620
52395025,2046,875,1171,1034
52395026,2568,1122,1446,1503
52395033,664,304,360,312
52395034,75,38,37,34
52395035,1151,524,627,408
52395036,2578,1141,1437,1137
52395037,278,109,169,176
52395040,148,73,75,37
52395041,197,99,98,42
52395045,233,119,114,87
52395046,1350,589,761,538
52395047,182,91,91,87
52395051,212,101,111,45
52395056,106,47,59,57
52395057,2,1,1,2
52395058,114,53,61,52
52395060,13,6,7,4
52395064,112,40,72,61
52395065,122,57,65,40
52395066,1151,527,624,446
52395067,1243,528,715,543
52395068,355,164,191,143
52395075,1292,595,697,571
52395076,2237,960,1277,948
52395077,2698,1239,1459,1058
52395078,7620,3597,4023,3050
52395079,1555,710,845,595
52395085,242,115,127,102
52395086,101,43,58,44
52395087,171,82,89,50
52395088,2710,1265,1445,816
52395089,3169,1380,1789,1146
52395090,37,16,21,10
52395094,314,135,179,193
52395097,22,11,11,8
52395098,1673,786,887,520
52395099,1118,544,574,335
52395170,70,33,37,23
52395171,268,124,144,104
52395180,4339,2051,2288,1441
52395181,3216,1558,1658,1085
52395190,2087,1009,1078,711
52395191,1294,605,689,421
52395469,2571,1237,1334,900
52395478,34,21,13,15
52395479,7335,3630,3705,2574
52395488,191,96,95,51
52395489,1958,872,1086,611
52395499,813,393,420,272
52395560,796,393,403,264
52395570,5490,2724,2766,1828
52395571,279,133,146,65
52395572,321,164,157,62
52395573,1054,543,511,274
52395574,356,183,173,82
52395580,3764,1850,1914,1196
52395581,206,98,108,67
52395582,74,32,42,15
52395583,1025,494,531,265
52395590,1552,779,773,485
52395591,1135,541,594,350
52395592,981,501,480,284
52395607,1339,638,701,408
52395608,535,286,249,198
52395609,227,108,119,66
52395617,813,388,425,246
52395618,490,232,258,165
52395619,189,91,98,56
52395626,639,310,329,219
52395627,275,129,146,76
52395628,105,48,57,37
52395629,333,159,174,98
52395635,10,5,5,4
52395636,2628,1271,1357,851
52395637,905,447,458,295
52395638,31,14,17,9
52395646,1005,480,525,299
52395647,132,69,63,39
52395648,182,93,89,52
52395649,233,122,111,67
52395656,32,13,19,10
52395657,374,177,197,112
52395659,48,26,22,15
52395666,497,230,267,170
52395667,1405,651,754,457
52395668,43,22,21,14
52395676,450,210,240,142
52395677,565,261,304,181
52395678,178,81,97,51
52395679,109,52,57,35
52395695,1000,491,509,316
52395696,11,7,4,6
52395701,87,44,43,25
52395702,283,138,145,86
52395707,91,51,40,26
52395708,34,18,16,12
52395709,39,24,15,16
52395711,165,87,78,44
52395712,128,64,64,38
52395713,343,164,179,116
52395715,61,31,30,17
52395716,85,39,46,22
52395717,63,30,33,24
52395718,110,62,48,42
52395719,13,6,7,4
52395720,41,21,20,12
52395721,182,88,94,50
52395722,55,26,29,16
52395724,179,89,90,49
52395725,150,69,81,38
52395728,59,30,29,20
52395729,75,40,35,26
52395734,76,38,38,26
52395735,56,30,26,17
52395738,97,91,6,2
52395740,435,211,224,125
52395741,166,84,82,46
52395742,132,68,64,48
52395745,102,54,48,32
52395746,22,12,10,8
52395747,50,26,24,20
52395748,70,37,33,20
52395756,77,40,37,24
52395757,146,73,73,48
52395759,59,30,29,16
52395762,162,77,85,50
52395764,89,42,47,23
52395765,46,21,25,11
52395766,150,74,76,46
52395767,109,48,61,34
52395768,326,162,164,103
52395769,640,291,349,158
52395770,304,145,159,90
52395772,69,34,35,21
52395773,35,18,17,12
52395774,103,51,52,33
52395776,176,80,96,62
52395777,210,103,107,73
52395778,88,44,44,28
52395781,62,28,34,16
52395783,66,35,31,24
52395784,21,10,11,6
52395785,29,13,16,10
52395786,64,32,32,22
52395790,7,4,3,4
52395791,10,5,5,6
52395795,33,15,18,11
52395796,60,38,22,1
52396000,39,16,23,10
52396001,33,20,13,21
52396008,25,13,12,10
52396010,16,7,9,9
52396021,337,161,176,144
52396022,295,147,148,119
52396032,27,14,13,14
52396041,107,58,49,78
52396042,553,277,276,258
52396043,10,4,6,5
52396050,87,51,36,87
52396051,87,51,36,87
52396052,157,74,83,75
52396053,14,6,8,3
52396054,103,48,55,27
52396055,82,45,37,22
52396063,158,69,89,89
52396065,41,25,16,14
52396066,83,35,48,59
52396067,58,24,34,55
52396073,133,64,69,72
52396074,74,30,44,12
52396077,953,394,559,607
52396078,2056,900,1156,1017
52396079,95,44,51,38
52396080,113,49,64,59
52396083,318,155,163,155
52396084,193,92,101,66
52396085,366,164,202,139
52396086,267,117,150,99
52396087,73,37,36,45
52396088,192,82,110,84
52396089,1465,688,777,559
52396090,186,91,95,107
52396091,14,7,7,10
52396092,185,85,100,85
52396093,1453,687,766,952
52396094,862,402,460,425
52396095,138,62,76,81
52396098,2,1,1,2
52396099,839,323,516,234
52396100,753,379,374,227
52396101,358,184,174,125
52396120,379,191,188,93
52396130,245,108,137,68
52396140,370,174,196,106
52396141,335,163,172,100
52396151,379,178,201,99
52396161,186,93,93,43
52396171,266,126,140,66
52396180,15,4,11,10
52396181,2052,934,1118,645
52396182,37,20,17,15
52396190,2424,1194,1230,822
52396191,5644,2686,2958,2084
52396192,5315,2441,2874,1872
52396193,397,188,209,141
52396409,533,259,274,116
52396419,363,169,194,90
52396429,1233,612,621,337
52396438,885,437,448,254
52396439,755,375,380,219
52396448,2169,1064,1105,695
52396449,4042,1990,2052,1269
52396458,356,181,175,127
52396459,552,300,252,159
52396468,871,447,424,256
52396469,576,295,281,182
52396478,902,460,442,294
52396479,2304,1172,1132,741
52396487,71,34,37,31
52396488,3102,1514,1588,1021
52396489,703,351,352,210
52396497,798,409,389,259
52396498,79,37,42,22
52396500,369,185,184,121
52396501,802,389,413,260
52396502,612,312,300,163
52396510,1569,784,785,437
52396511,2419,1218,1201,705
52396512,1331,647,684,403
52396520,1512,725,787,425
52396521,2499,1229,1270,824
52396522,5743,2882,2861,1951
52396523,17,7,10,6
52396530,1686,857,829,522
52396531,437,239,198,118
52396532,1876,925,951,606
52396533,4027,2000,2027,1375
52396540,1378,679,699,415
52396541,624,300,324,101
52396542,347,170,177,101
52396543,6856,3458,3398,2220
52396544,3725,1865,1860,1280
52396545,13,5,8,6
52396550,1343,642,701,407
52396551,1107,558,549,342
52396552,396,197,199,104
52396553,264,130,134,91
52396554,6874,3441,3433,2373
52396555,4321,2136,2185,1461
52396556,691,250,441,125
52396560,5621,3575,2046,1419
52396561,7813,3985,3828,2561
52396562,66,32,34,22
52396563,217,117,100,71
52396564,4043,2012,2031,1302
52396565,6100,3006,3094,2010
52396566,2150,1089,1061,819
52396567,1006,527,479,369
52396568,22,22,0,1
52396570,2590,1301,1289,846
52396571,3481,1680,1801,1039
52396572,3536,1806,1730,1173
52396573,5809,2862,2947,1782
52396574,6834,3373,3461,2199
52396575,9516,4760,4756,3342
52396576,9463,5143,4320,3388
52396577,2875,1527,1348,985
52396578,92,85,7,8
52396580,89,42,47,24
52396581,96,51,45,25
52396582,451,220,231,144
52396583,7527,3815,3712,2316
52396584,4611,2311,2300,1566
52396585,4333,2183,2150,1467
52396586,8415,4191,4224,2899
52396587,5765,2845,2920,1847
52396588,1889,903,986,721
52396592,1021,559,462,414
52396593,5802,2835,2967,1960
52396594,7020,3800,3220,3018
52396595,3335,1676,1659,1143
52396596,5098,2517,2581,1531
52396597,7472,3706,3766,2468
52396598,9385,4624,4761,3180
52396599,76,37,39,23
52396605,399,194,205,134
52396606,383,183,200,108
52396615,93,47,46,25
52396616,20,12,8,8
52396619,96,46,50,24
52396625,12,7,5,4
52396626,25,13,12,8
52396627,14,7,7,4
52396629,80,37,43,20
52396635,253,123,130,69
52396636,274,131,143,69
52396638,185,91,94,44
52396639,68,36,32,16
52396646,232,116,116,59
52396647,901,441,460,261
52396648,197,91,106,36
52396657,487,229,258,138
52396659,1010,498,512,360
52396669,1529,755,774,535
52396679,54,26,28,17
52396689,68,33,35,14
52396699,200,99,101,50
52396703,104,47,57,32
52396706,35,16,19,11
52396707,47,23,24,15
52396711,35,19,16,9
52396713,44,19,25,11
52396714,84,40,44,20
52396716,107,53,54,29
52396720,37,19,18,9
52396721,75,41,34,21
52396722,100,53,47,26
52396723,44,20,24,10
52396724,44,20,24,9
52396726,253,127,126,69
52396727,74,40,34,15
52396730,205,97,108,47
52396734,60,33,27,17
52396735,199,102,97,51
52396740,216,112,104,50
52396742,39,19,20,9
52396743,193,91,102,47
52396744,138,68,70,36
52396745,104,43,61,27
52396746,37,15,22,9
52396750,744,368,376,215
52396751,482,229,253,134
52396752,99,45,54,25
52396753,313,148,165,80
52396754,142,72,70,38
52396755,143,72,71,31
52396756,52,26,26,13
52396757,108,57,51,31
52396760,888,424,464,272
52396761,690,332,358,206
52396762,365,178,187,103
52396763,260,133,127,77
52396764,533,253,280,131
52396765,65,29,36,17
52396766,47,22,25,12
52396770,23,10,13,8
52396771,200,99,101,52
52396772,290,140,150,76
52396775,27,14,13,8
52396777,39,21,18,10
52396779,106,52,54,28
52396780,39,18,21,11
52396781,107,51,56,33
52396786,22,11,11,7
52396787,41,22,19,10
52396788,42,22,20,10
52396789,251,131,120,67
52396790,47,22,25,12
52396791,56,28,28,17
52396794,59,31,28,19
52396795,36,17,19,11
52396799,159,77,82,44
52397001,14,7,7,9
52397002,48,26,22,17
52397003,1722,806,916,767
52397004,1128,514,614,410
52397009,79,34,45,19
52397010,270,130,140,127
52397011,516,257,259,141
52397012,30,13,17,14
52397013,83,43,40,50
52397014,93,46,47,33
52397020,2297,1126,1171,844
52397021,338,175,163,147
52397027,51,31,20,15
52397028,157,81,76,34
52397029,200,89,111,47
52397030,194,89,105,69
52397039,405,204,201,96
52397047,80,43,37,22
52397048,285,139,146,69
52397049,124,68,56,21
52397058,775,381,394,239
52397059,1394,694,700,415
52397066,89,46,43,28
52397068,84,42,42,30
52397069,3763,1880,1883,1163
52397076,77,39,38,27
52397077,975,477,498,296
52397078,3115,1685,1430,1194
52397079,4926,2506,2420,1646
52397082,85,41,44,21
52397087,2084,1034,1050,624
52397088,4678,2326,2352,1504
52397089,3037,1493,1544,902
52397094,688,326,362,96
52397095,361,176,185,83
52397096,419,208,211,102
52397097,1130,545,585,299
52397098,1813,892,921,561
52397099,3841,1921,1920,1147
52397100,125,67,58,31
52397101,1696,822,874,589
52397102,5943,2780,3163,2198
52397103,6895,3298,3597,2418
52397104,323,152,171,104
52397111,2657,1345,1312,926
52397112,8466,4178,4288,3219
52397113,7479,3714,3765,2697
52397114,2351,1154,1197,872
52397115,1298,648,650,463
52397120,1766,907,859,538
52397121,5841,2880,2961,2047
52397122,7598,3790,3808,2852
52397123,1450,750,700,513
52397124,8066,4097,3969,2839
52397125,6808,3434,3374,2315
52397126,462,212,250,149
52397130,279,153,126,95
52397131,2212,1070,1142,680
52397132,4296,2128,2168,1517
52397133,4466,2310,2156,1560
52397134,9077,4608,4469,3279
52397135,2812,1474,1338,960
52397136,4591,2256,2335,1616
52397137,1263,624,639,392
52397138,92,48,44,30
52397140,3346,1631,1715,1055
52397141,5389,2734,2655,1860
52397142,5323,2583,2740,1908
52397143,3148,1698,1450,1079
52397144,5807,2988,2819,2024
52397145,3130,1620,1510,1019
52397146,3526,1800,1726,1191
52397147,645,314,331,195
52397148,2399,1203,1196,728
52397149,897,469,428,286
52397150,5969,2984,2985,1947
52397151,6289,3114,3175,2160
52397152,3032,1493,1539,1003
52397153,2481,1316,1165,840
52397154,3741,1865,1876,1088
52397155,2128,1032,1096,597
52397156,176,81,95,49
52397157,250,124,126,64
52397158,3254,1634,1620,987
52397159,3376,1639,1737,1071
52397160,4863,2445,2418,1629
52397161,3969,1966,2003,1320
52397162,272,137,135,76
52397163,864,425,439,249
52397164,3811,1864,1947,1076
52397165,1036,511,525,265
52397166,51,31,20,2
52397167,268,141,127,68
52397168,1401,684,717,378
52397169,3826,1871,1955,1207
52397170,3050,1477,1573,979
52397171,4944,2426,2518,1693
52397172,1463,702,761,487
52397173,937,464,473,244
52397174,559,277,282,128
52397177,580,281,299,166
52397178,3339,1667,1672,994
52397179,5119,2510,2609,1766
52397180,1476,767,709,466
52397181,609,289,320,157
52397182,2683,1392,1291,870
52397183,1639,778,861,472
52397185,174,77,97,37
52397187,2345,1231,1114,790
52397188,353,173,180,89
52397189,661,316,345,175
52397190,2191,1108,1083,738
52397191,1178,604,574,380
52397192,2600,1373,1227,902
52397193,627,323,304,163
52397196,156,78,78,39
52397197,194,94,100,52
52397198,546,274,272,150
52397199,40,29,11,24
52397250,3383,1644,1739,1235
52397251,1372,664,708,428
52397260,5169,2530,2639,1745
52397261,4046,1993,2053,1294
52397262,4083,2048,2035,1347
52397263,1868,929,939,598
52397264,1335,656,679,442
52397265,967,464,503,317
52397270,2914,1524,1390,960
52397271,3173,1537,1636,936
52397272,3264,1636,1628,1127
52397273,544,262,282,171
52397274,3504,1691,1813,1207
52397275,6181,3009,3172,2001
52397276,2098,1002,1096,668
52397277,2209,1102,1107,759
52397278,375,177,198,141
52397279,243,126,117,82
52397280,227,117,110,60
52397281,330,157,173,80
52397282,721,349,372,180
52397283,10,5,5,4
52397284,368,194,174,100
52397285,1360,651,709,439
52397286,6988,3493,3495,2371
52397287,11915,6003,5912,4446
52397288,9849,4820,5029,3576
52397289,3848,1898,1950,1230
52397290,395,198,197,129
52397291,94,21,73,2
52397292,11,7,4,4
52397293,679,349,330,190
52397294,7682,3821,3861,2399
52397295,8908,4416,4492,2815
52397296,8059,4010,4049,2894
52397297,11413,5637,5776,4467
52397298,8823,4448,4375,3671
52397299,978,518,460,311
52397357,15,8,7,6
52397358,116,59,57,48
52397367,2,1,1,1
52397368,653,320,333,236
52397369,1376,656,720,436
52397370,1,0,1,1
52397371,20,12,8,7
52397377,418,195,223,160
52397378,6723,3236,3487,2627
52397379,8160,3966,4194,2879
52397380,8589,4247,4342,3170
52397381,9513,4737,4776,3572
52397382,6993,3417,3576,2655
52397383,6108,3012,3096,2229
52397384,3875,1938,1937,1338
52397385,6132,3053,3079,2419
52397386,8424,4183,4241,2951
52397387,8524,4058,4466,3268
52397388,8340,3960,4380,3050
52397389,6534,3025,3509,2347
52397390,4452,2227,2225,1485
52397391,11143,5628,5515,4155
52397392,9580,4592,4988,3878
52397393,13285,6599,6686,4897
52397394,11628,5718,5910,4047
52397395,11002,5586,5416,4322
52397396,9289,4715,4574,3523
52397397,8638,4243,4395,3231
52397398,10366,4993,5373,4059
52397399,3700,1885,1815,1398
52397406,302,146,156,119
52397407,589,286,303,190
52397408,50,26,24,13
52397415,115,55,60,49
52397416,3623,1707,1916,1252
52397417,2543,1230,1313,842
52397418,812,385,427,258
52397419,621,323,298,195
52397425,1731,832,899,626
52397426,3749,1742,2007,1294
52397427,2040,948,1092,670
52397428,676,328,348,225
52397429,175,91,84,49
52397435,1636,768,868,557
52397436,2987,1401,1586,1044
52397437,458,237,221,142
52397445,884,423,461,341
52397446,3805,1827,1978,1364
52397447,4098,1974,2124,1403
52397448,984,460,524,307
52397449,371,175,196,124
52397454,2151,1058,1093,806
52397455,4609,2224,2385,1740
52397456,7746,3616,4130,3036
52397457,6659,3205,3454,2426
52397458,6113,2985,3128,2146
52397459,3378,1674,1704,1181
52397460,1506,706,800,519
52397461,1760,813,947,633
52397462,1529,674,855,520
52397463,335,162,173,125
52397464,5346,2523,2823,1944
52397465,6612,3157,3455,2326
52397466,3515,1749,1766,1317
52397467,6179,3020,3159,2192
52397468,1476,692,784,463
52397469,4123,2025,2098,1383
52397470,4721,2252,2469,1602
52397471,5245,2464,2781,1797
52397472,3961,1830,2131,1460
52397473,6462,2998,3464,2511
52397474,7106,3294,3812,2716
52397475,3505,1624,1881,1215
52397476,1564,734,830,537
52397477,72,35,37,22
52397478,3927,1924,2003,1164
52397479,9370,4660,4710,3221
52397480,6509,3069,3440,2286
52397481,3654,1721,1933,1248
52397482,2768,1297,1471,1013
52397483,3540,1573,1967,1364
52397484,5363,2430,2933,2109
52397485,3920,1813,2107,1409
52397486,1642,779,863,588
52397487,1501,722,779,482
52397488,8498,4255,4243,2991
52397489,12200,6114,6086,4668
52397490,5527,2850,2677,1937
52397491,7182,3653,3529,2624
52397492,5410,2643,2767,2010
52397493,1887,894,993,715
52397494,2038,937,1101,781
52397495,2176,997,1179,794
52397496,155,70,85,52
52397497,1958,1005,953,651
52397498,11766,5942,5824,4162
52397499,9912,5086,4826,4210
52397500,23,10,13,6
52397501,3998,1972,2026,1312
52397502,7055,3542,3513,2524
52397503,12154,5937,6217,4368
52397504,9955,5018,4937,3718
52397505,5810,2886,2924,1972
52397506,8836,4412,4424,2895
52397507,9121,4570,4551,3187
52397508,6657,3292,3365,2036
52397509,287,142,145,83
52397510,1694,837,857,539
52397511,8415,4157,4258,3004
52397512,13059,6408,6651,4626
52397513,10801,5284,5517,3907
52397514,10817,5256,5561,3860
52397515,9293,4444,4849,3397
52397516,5939,2869,3070,1952
52397517,4175,2866,1309,796
52397518,2461,1215,1246,772
52397519,165,84,81,54
52397521,2522,1227,1295,856
52397522,9272,4517,4755,3193
52397523,10423,4903,5520,4039
52397524,7671,3658,4013,3055
52397525,40,19,21,13
52397530,183,88,95,71
52397531,2095,1036,1059,768
52397532,7684,3700,3984,2916
52397533,7142,3361,3781,3035
52397534,3089,1448,1641,1361
52397540,3267,1578,1689,1162
52397541,4872,2455,2417,1717
52397542,3662,3343,319,257
52397543,1523,701,822,494
52397544,74,37,37,30
52397550,3646,1983,1663,1169
52397551,1235,725,510,397
52397560,8161,4575,3586,2307
52397561,269,129,140,93
52397562,25,16,9,1
52397570,9482,5122,4360,3997
52397571,213,106,107,73
52397580,8743,4341,4402,3214
52397581,19,8,11,6
52397590,7440,3727,3713,2971
52397609,993,484,509,306
52397628,217,106,111,58
52397629,233,113,120,70
52397638,2412,1190,1222,677
52397639,438,226,212,118
52397647,133,68,65,51
52397648,2157,1053,1104,697
52397649,650,319,331,169
52397657,627,296,331,185
52397658,2056,1045,1011,677
52397659,1339,668,671,383
52397665,575,335,240,240
52397666,659,286,373,143
52397667,419,199,220,95
52397668,375,184,191,108
52397669,532,261,271,152
52397674,299,157,142,92
52397675,4080,2022,2058,1231
52397676,328,161,167,86
52397677,396,183,213,91
52397678,455,232,223,116
52397679,111,43,68,17
52397685,263,126,137,71
52397686,447,219,228,116
52397687,1591,795,796,436
52397688,2476,1297,1179,873
52397689,786,389,397,233
52397697,525,284,241,177
52397698,4046,2010,2036,1350
52397699,1548,811,737,553
52397700,316,147,169,92
52397701,30,18,12,8
52397702,40,20,20,11
52397706,75,34,41,30
52397707,39,17,22,15
52397709,316,141,175,75
52397710,791,404,387,246
52397711,602,291,311,174
52397712,73,34,39,19
52397718,43,18,25,15
52397719,260,127,133,64
52397720,118,61,57,29
52397721,176,85,91,45
52397722,142,77,65,40
52397723,178,84,94,44
52397725,51,28,23,14
52397729,518,267,251,132
52397730,278,135,143,65
52397731,349,168,181,72
52397733,54,26,28,15
52397734,153,61,92,31
52397735,95,51,44,27
52397736,91,38,53,19
52397737,25,12,13,7
52397738,494,247,247,115
52397739,193,96,97,52
52397741,312,153,159,82
52397742,77,35,42,18
52397743,119,59,60,29
52397744,102,46,56,24
52397745,315,159,156,58
52397747,199,101,98,57
52397748,199,103,96,53
52397749,333,164,169,90
52397750,87,45,42,23
52397751,203,93,110,51
52397752,54,26,28,13
52397753,143,71,72,33
52397754,1014,517,497,294
52397755,396,199,197,102
52397756,810,411,399,229
52397757,422,216,206,109
52397758,675,337,338,181
52397759,144,70,74,40
52397760,424,209,215,110
52397762,314,151,163,71
52397763,968,562,406,357
52397764,1766,908,858,528
52397765,955,470,485,303
52397766,1626,751,875,513
52397767,671,319,352,180
52397768,198,94,104,49
52397769,181,85,96,44
52397770,150,76,74,37
52397771,115,54,61,28
52397772,201,107,94,50
52397773,2637,1438,1199,999
52397774,352,169,183,105
52397775,267,129,138,69
52397776,543,254,289,128
52397777,143,75,68,30
52397778,232,116,116,51
52397780,800,401,399,220
52397781,1321,740,581,523
52397782,1558,801,757,505
52397783,6187,3070,3117,2041
52397784,2633,1352,1281,919
52397785,631,330,301,225
52397787,63,31,32,14
52397788,38,19,19,10
52397789,25,13,12,7
52397790,1524,824,700,579
52397791,3697,1813,1884,1325
52397792,4965,2460,2505,1781
52397793,5988,3011,2977,1968
52397794,3672,1981,1691,1427
52397795,1104,629,475,403
52397796,451,216,235,120
52397798,80,39,41,20
52397799,26,13,13,7
